package paralelo;

public class DadosTSP {

    public static int[][] getMatriz5Cidades() {
        return new int[][]{
            {0, 2, 9, 10, 7},
            {2, 0, 6, 4, 3},
            {9, 6, 0, 8, 5},
            {10, 4, 8, 0, 6},
            {7, 3, 5, 6, 0}
        };
    }
    
    public static int[][] getMatriz7Cidades() {
        return new int[][]{
            {0, 29, 20, 21, 16, 31, 100},
            {29, 0, 15, 29, 28, 40, 72},
            {20, 15, 0, 15, 14, 25, 81},
            {21, 29, 15, 0, 4, 12, 92},
            {16, 28, 14, 4, 0, 16, 94},
            {31, 40, 25, 12, 16, 0, 95},
            {100, 72, 81, 92, 94, 95, 0}
        };
    }

    public static int[][] getMatriz10Cidades() {
        return new int[][]{
            {0, 12, 10, 19, 8, 20, 11, 25, 9, 14},
            {12, 0, 8, 11, 15, 7, 18, 13, 21, 10},
            {10, 8, 0, 9, 13, 14, 9, 16, 17, 5},
            {19, 11, 9, 0, 21, 10, 22, 5, 20, 18},
            {8, 15, 13, 21, 0, 23, 12, 28, 7, 16},
            {20, 7, 14, 10, 23, 0, 25, 15, 24, 6},
            {11, 18, 9, 22, 12, 25, 0, 30, 10, 19},
            {25, 13, 16, 5, 28, 15, 30, 0, 26, 20},
            {9, 21, 17, 20, 7, 24, 10, 26, 0, 11},
            {14, 10, 5, 18, 16, 6, 19, 20, 11, 0}
        };
    }
}